# Created by Octave 3.2.4, Fri May 04 10:22:16 2012 ART <mlares@veda>
# name: xd
# type: matrix
# rows: 1
# columns: 12
 0 0.4545454545454545 0.9090909090909091 1.363636363636364 1.818181818181818 2.272727272727272 2.727272727272727 3.181818181818182 3.636363636363636 4.090909090909091 4.545454545454545 5
# name: yd
# type: matrix
# rows: 1
# columns: 12
 -0.7713523600766001 -0.6542243952680674 0.8099602724789587 2.379647965206262 3.149193417624151 5.690370712393107 6.339355703530888 8.224763857876326 11.8807808416089 10.60944118761402 12.0333139973067 14.69907146822566
